# step   redshift  time
0   127.000000   0.007812
1   119.884197   0.008272
2   113.163855   0.008759
3   106.817178   0.009275
4   100.823351   0.009821
5   95.163094   0.010399
6   89.816623   0.011011
7   84.767708   0.011659
8   79.999864   0.012346
9   75.448509   0.013081
10   71.153197   0.013859
11   67.099017   0.014684
12   63.272723   0.015559
13   59.661576   0.016485
14   56.253111   0.017466
15   53.036237   0.018506
16   50.000112   0.019608
17   46.923017   0.020867
18   44.031658   0.022207
19   41.314788   0.023632
20   38.761748   0.025150
21   36.362786   0.026765
22   34.108661   0.028483
23   31.990453   0.030312
24   29.999966   0.032258
25   28.512193   0.033884
26   27.095728   0.035593
27   25.747265   0.037387
28   24.463564   0.039272
29   23.241426   0.041252
30   22.077953   0.043331
31   20.970345   0.045516
32   19.915864   0.047811
33   19.699134   0.048311
34   19.484667   0.048817
35   19.272380   0.049328
36   19.062314   0.049845
37   18.854428   0.050367
38   18.648682   0.050894
39   18.445077   0.051427
40   18.243574   0.051965
41   18.046785   0.052502
42   17.851989   0.053045
43   17.659188   0.053593
44   17.468380   0.054147
45   17.279497   0.054706
46   17.092573   0.055271
47   16.907540   0.055842
48   16.724400   0.056419
49   16.545522   0.056995
50   16.368469   0.057576
51   16.193209   0.058162
52   16.019712   0.058755
53   15.847979   0.059354
54   15.677952   0.059959
55   15.509660   0.060571
56   15.343047   0.061188
57   15.180366   0.061803
58   15.019275   0.062425
59   14.859799   0.063052
60   14.701915   0.063686
61   14.545596   0.064327
62   14.390819   0.064974
63   14.237608   0.065627
64   14.085914   0.066287
65   13.937769   0.066944
66   13.791084   0.067608
67   13.645835   0.068279
68   13.502022   0.068956
69   13.359626   0.069640
70   13.218603   0.070330
71   13.078995   0.071028
72   12.940741   0.071732
73   12.805729   0.072434
74   12.672035   0.073142
75   12.539642   0.073857
76   12.408529   0.074579
77   12.278678   0.075309
78   12.150091   0.076045
79   12.022733   0.076789
80   11.896620   0.077540
81   11.773480   0.078287
82   11.651518   0.079042
83   11.530732   0.079804
84   11.411075   0.080573
85   11.292578   0.081350
86   11.175196   0.082134
87   11.058959   0.082926
88   10.943807   0.083725
89   10.831393   0.084521
90   10.720018   0.085324
91   10.609710   0.086135
92   10.500439   0.086953
93   10.392182   0.087779
94   10.284962   0.088613
95   10.178743   0.089455
96   10.073523   0.090305
97   9.970795   0.091151
98   9.869022   0.092005
99   9.768192   0.092866
100   9.668305   0.093736
101   9.569339   0.094613
102   9.471281   0.095499
103   9.374144   0.096393
104   9.277904   0.097296
105   9.183953   0.098194
106   9.090868   0.099099
107   8.998600   0.100014
108   8.907268   0.100936
109   8.816626   0.101868
110   8.726964   0.102807
111   8.637997   0.103756
112   8.549913   0.104713
113   8.463961   0.105664
114   8.378664   0.106625
115   8.294285   0.107593
116   8.210563   0.108571
117   8.127586   0.109558
118   8.045435   0.110553
119   7.963947   0.111558
120   7.883204   0.112572
121   7.804445   0.113579
122   7.726384   0.114595
123   7.648948   0.115621
124   7.572286   0.116655
125   7.496249   0.117699
126   7.420840   0.118753
127   7.346200   0.119815
128   7.272188   0.120887
129   7.199948   0.121952
130   7.128297   0.123027
131   7.057304   0.124111
132   6.986965   0.125204
133   6.917218   0.126307
134   6.848062   0.127420
135   6.779498   0.128543
136   6.711587   0.129675
137   6.645260   0.130800
138   6.579547   0.131934
139   6.514390   0.133078
140   6.449788   0.134232
141   6.385743   0.135396
142   6.322199   0.136571
143   6.259265   0.137755
144   6.196833   0.138950
145   6.135976   0.140135
146   6.075589   0.141331
147   6.015722   0.142537
148   5.956328   0.143754
149   5.897503   0.144980
150   5.839103   0.146218
151   5.781224   0.147466
152   5.723864   0.148724
153   5.667867   0.149973
154   5.612357   0.151232
155   5.557334   0.152501
156   5.502712   0.153782
157   5.448576   0.155073
158   5.394884   0.156375
159   5.341637   0.157688
160   5.288834   0.159012
161   5.237331   0.160325
162   5.186281   0.161648
163   5.135609   0.162983
164   5.085353   0.164329
165   5.035513   0.165686
166   4.986088   0.167054
167   4.937044   0.168434
168   4.888449   0.169824
169   4.841019   0.171203
170   4.793978   0.172593
171   4.747292   0.173995
172   4.701027   0.175407
173   4.655117   0.176831
174   4.609563   0.178267
175   4.564366   0.179715
176   4.519556   0.181174
177   4.475852   0.182620
178   4.432509   0.184077
179   4.389499   0.185546
180   4.346822   0.187027
181   4.304477   0.188520
182   4.262493   0.190024
183   4.220814   0.191541
184   4.179469   0.193070
185   4.139169   0.194584
186   4.099179   0.196110
187   4.059500   0.197648
188   4.020131   0.199198
189   3.981047   0.200761
190   3.942299   0.202335
191   3.903836   0.203922
192   3.865683   0.205521
193   3.828469   0.207105
194   3.791544   0.208701
195   3.754908   0.210309
196   3.718561   0.211929
197   3.682481   0.213562
198   3.646689   0.215207
199   3.611164   0.216865
200   3.575905   0.218536
201   3.541532   0.220190
202   3.507428   0.221856
203   3.473572   0.223535
204   3.439985   0.225226
205   3.406626   0.226931
206   3.373535   0.228648
207   3.340692   0.230378
208   3.308098   0.232121
209   3.276337   0.233845
210   3.244806   0.235582
211   3.213507   0.237332
212   3.182421   0.239096
213   3.151583   0.240872
214   3.120975   0.242661
215   3.090582   0.244464
216   3.060419   0.246280
217   3.031039   0.248075
218   3.001857   0.249884
219   2.972889   0.251706
220   2.944135   0.253541
221   2.915595   0.255389
222   2.887254   0.257251
223   2.859112   0.259127
224   2.831183   0.261016
225   2.803974   0.262883
226   2.776963   0.264763
227   2.750136   0.266657
228   2.723507   0.268564
229   2.697063   0.270485
230   2.670816   0.272419
231   2.644740   0.274368
232   2.618862   0.276330
233   2.593645   0.278269
234   2.568612   0.280221
235   2.543762   0.282186
236   2.519070   0.284166
237   2.494561   0.286159
238   2.470222   0.288166
239   2.446054   0.290187
240   2.422044   0.292223
241   2.398679   0.294232
242   2.375459   0.296256
243   2.352409   0.298293
244   2.329516   0.300344
245   2.306780   0.302409
246   2.284191   0.304489
247   2.261759   0.306583
248   2.239485   0.308691
249   2.217803   0.310771
250   2.196267   0.312865
251   2.174875   0.314973
252   2.153619   0.317096
253   2.132508   0.319233
254   2.111543   0.321384
255   2.090722   0.323549
256   2.070027   0.325730
257   2.049896   0.327880
258   2.029899   0.330044
259   2.010035   0.332222
260   1.990296   0.334415
261   1.970691   0.336622
262   1.951211   0.338844
263   1.931855   0.341081
264   1.912633   0.343332
265   1.893929   0.345551
266   1.875348   0.347784
267   1.856882   0.350032
268   1.838538   0.352294
269   1.820318   0.354570
270   1.802204   0.356862
271   1.784212   0.359168
272   1.766336   0.361489
273   1.748952   0.363775
274   1.731673   0.366076
275   1.714507   0.368391
276   1.697446   0.370721
277   1.680491   0.373066
278   1.663641   0.375426
279   1.646903   0.377800
280   1.630271   0.380189
281   1.614092   0.382542
282   1.598023   0.384908
283   1.582051   0.387289
284   1.566169   0.389686
285   1.550396   0.392096
286   1.534713   0.394522
287   1.519126   0.396963
288   1.503637   0.399419
289   1.488584   0.401835
290   1.473625   0.404265
291   1.458748   0.406711
292   1.443966   0.409171
293   1.429272   0.411646
294   1.414666   0.414136
295   1.400148   0.416641
296   1.385718   0.419161
297   1.371697   0.421639
298   1.357762   0.424131
299   1.343907   0.426638
300   1.330133   0.429160
301   1.316440   0.431697
302   1.302832   0.434248
303   1.289299   0.436815
304   1.275846   0.439397
305   1.262781   0.441934
306   1.249795   0.444485
307   1.236881   0.447051
308   1.224041   0.449632
309   1.211274   0.452228
310   1.198585   0.454838
311   1.185964   0.457464
312   1.173417   0.460105
313   1.161237   0.462698
314   1.149128   0.465305
315   1.137085   0.467927
316   1.125109   0.470564
317   1.113200   0.473216
318   1.101357   0.475883
319   1.089585   0.478564
320   1.077875   0.481261
321   1.066513   0.483907
322   1.055215   0.486567
323   1.043978   0.489242
324   1.032801   0.491932
325   1.021689   0.494636
326   1.010636   0.497355
327   0.999644   0.500089
328   0.988708   0.502839
329   0.978106   0.505534
330   0.967563   0.508243
331   0.957074   0.510967
332   0.946639   0.513706
333   0.936262   0.516459
334   0.925940   0.519227
335   0.915672   0.522010
336   0.905462   0.524807
337   0.895562   0.527548
338   0.885714   0.530303
339   0.875919   0.533072
340   0.866177   0.535855
341   0.856483   0.538653
342   0.846838   0.541466
343   0.837242   0.544294
344   0.827699   0.547136
345   0.818453   0.549918
346   0.809257   0.552713
347   0.800106   0.555523
348   0.790998   0.558348
349   0.781940   0.561186
350   0.772927   0.564039
351   0.763958   0.566907
352   0.755036   0.569789
353   0.746395   0.572608
354   0.737801   0.575440
355   0.729248   0.578286
356   0.720735   0.581147
357   0.712267   0.584021
358   0.703839   0.586910
359   0.695453   0.589813
360   0.687109   0.592730
361   0.679036   0.595580
362   0.671000   0.598444
363   0.663003   0.601322
364   0.655043   0.604214
365   0.647124   0.607119
366   0.639242   0.610038
367   0.631396   0.612972
368   0.623590   0.615919
369   0.616041   0.618796
370   0.608529   0.621686
371   0.601050   0.624590
372   0.593605   0.627508
373   0.586196   0.630439
374   0.578824   0.633383
375   0.571482   0.636342
376   0.564177   0.639314
377   0.557118   0.642212
378   0.550092   0.645123
379   0.543096   0.648048
380   0.536131   0.650986
381   0.529199   0.653937
382   0.522299   0.656901
383   0.515429   0.659879
384   0.508591   0.662870
385   0.501989   0.665784
386   0.495417   0.668710
387   0.488871   0.671650
388   0.482356   0.674602
389   0.475869   0.677567
390   0.469408   0.680546
391   0.462979   0.683537
392   0.456577   0.686541
393   0.450400   0.689465
394   0.444252   0.692400
395   0.438129   0.695348
396   0.432031   0.698309
397   0.425960   0.701282
398   0.419914   0.704268
399   0.413893   0.707267
400   0.407899   0.710278
401   0.402121   0.713205
402   0.396369   0.716143
403   0.390639   0.719094
404   0.384932   0.722057
405   0.379249   0.725032
406   0.373591   0.728019
407   0.367954   0.731019
408   0.362340   0.734031
409   0.356937   0.736954
410   0.351554   0.739889
411   0.346192   0.742836
412   0.340853   0.745794
413   0.335534   0.748764
414   0.330235   0.751747
415   0.324960   0.754740
416   0.319703   0.757746
417   0.314648   0.760660
418   0.309612   0.763585
419   0.304596   0.766521
420   0.299599   0.769468
421   0.294622   0.772426
422   0.289664   0.775396
423   0.284723   0.778378
424   0.279802   0.781371
425   0.275074   0.784268
426   0.270366   0.787175
427   0.265672   0.790094
428   0.260997   0.793023
429   0.256340   0.795963
430   0.251699   0.798914
431   0.247076   0.801876
432   0.242469   0.804849
433   0.238050   0.807722
434   0.233646   0.810605
435   0.229258   0.813499
436   0.224885   0.816403
437   0.220527   0.819318
438   0.216185   0.822243
439   0.211860   0.825178
440   0.207549   0.828124
441   0.203419   0.830966
442   0.199302   0.833818
443   0.195200   0.836680
444   0.191111   0.839552
445   0.187037   0.842434
446   0.182977   0.845325
447   0.178930   0.848227
448   0.174898   0.851138
449   0.171040   0.853942
450   0.167193   0.856756
451   0.163360   0.859579
452   0.159540   0.862411
453   0.155733   0.865252
454   0.151937   0.868103
455   0.148153   0.870964
456   0.144383   0.873833
457   0.140782   0.876592
458   0.137191   0.879360
459   0.133612   0.882136
460   0.130043   0.884922
461   0.126486   0.887716
462   0.122942   0.890518
463   0.119407   0.893330
464   0.115883   0.896151
465   0.112524   0.898857
466   0.109175   0.901571
467   0.105835   0.904294
468   0.102505   0.907025
469   0.099186   0.909764
470   0.095877   0.912511
471   0.092577   0.915267
472   0.089288   0.918031
473   0.086157   0.920677
474   0.083036   0.923330
475   0.079923   0.925992
476   0.076819   0.928661
477   0.073724   0.931338
478   0.070639   0.934022
479   0.067562   0.936714
480   0.064493   0.939414
481   0.061579   0.941993
482   0.058673   0.944579
483   0.055776   0.947171
484   0.052885   0.949771
485   0.050003   0.952378
486   0.047128   0.954993
487   0.044262   0.957614
488   0.041403   0.960243
489   0.038696   0.962746
490   0.035994   0.965257
491   0.033299   0.967774
492   0.030612   0.970297
493   0.027932   0.972827
494   0.025258   0.975364
495   0.022592   0.977907
496   0.019933   0.980457
497   0.017419   0.982879
498   0.014912   0.985307
499   0.012412   0.987740
500   0.009917   0.990180
501   0.007429   0.992626
502   0.004946   0.995078
503   0.002470   0.997536
504   0.000000   1.000000
